p cnf 282 4289
-1 -2  0
-1 -3  0
-1 -4  0
-1 -5  0
-1 -6  0
-2 -1  0
-2 -3  0
-2 -4  0
-2 -5  0
-2 -6  0
-3 -1  0
-3 -2  0
-3 -4  0
-3 -5  0
-3 -6  0
-4 -1  0
-4 -2  0
-4 -3  0
-4 -5  0
-4 -6  0
-5 -1  0
-5 -2  0
-5 -3  0
-5 -4  0
-5 -6  0
-6 -1  0
-6 -2  0
-6 -3  0
-6 -4  0
-6 -5  0
-7 -8  0
-7 -9  0
-7 -10  0
-7 -11  0
-7 -12  0
-8 -7  0
-8 -9  0
-8 -10  0
-8 -11  0
-8 -12  0
-9 -7  0
-9 -8  0
-9 -10  0
-9 -11  0
-9 -12  0
-10 -7  0
-10 -8  0
-10 -9  0
-10 -11  0
-10 -12  0
-11 -7  0
-11 -8  0
-11 -9  0
-11 -10  0
-11 -12  0
-12 -7  0
-12 -8  0
-12 -9  0
-12 -10  0
-12 -11  0
-13 -14  0
-13 -15  0
-13 -16  0
-13 -17  0
-13 -18  0
-14 -13  0
-14 -15  0
-14 -16  0
-14 -17  0
-14 -18  0
-15 -13  0
-15 -14  0
-15 -16  0
-15 -17  0
-15 -18  0
-16 -13  0
-16 -14  0
-16 -15  0
-16 -17  0
-16 -18  0
-17 -13  0
-17 -14  0
-17 -15  0
-17 -16  0
-17 -18  0
-18 -13  0
-18 -14  0
-18 -15  0
-18 -16  0
-18 -17  0
-19 -20  0
-19 -21  0
-19 -22  0
-19 -23  0
-19 -24  0
-20 -19  0
-20 -21  0
-20 -22  0
-20 -23  0
-20 -24  0
-21 -19  0
-21 -20  0
-21 -22  0
-21 -23  0
-21 -24  0
-22 -19  0
-22 -20  0
-22 -21  0
-22 -23  0
-22 -24  0
-23 -19  0
-23 -20  0
-23 -21  0
-23 -22  0
-23 -24  0
-24 -19  0
-24 -20  0
-24 -21  0
-24 -22  0
-24 -23  0
-25 -26  0
-25 -27  0
-25 -28  0
-25 -29  0
-25 -30  0
-26 -25  0
-26 -27  0
-26 -28  0
-26 -29  0
-26 -30  0
-27 -25  0
-27 -26  0
-27 -28  0
-27 -29  0
-27 -30  0
-28 -25  0
-28 -26  0
-28 -27  0
-28 -29  0
-28 -30  0
-29 -25  0
-29 -26  0
-29 -27  0
-29 -28  0
-29 -30  0
-30 -25  0
-30 -26  0
-30 -27  0
-30 -28  0
-30 -29  0
-31 -32  0
-31 -33  0
-31 -34  0
-31 -35  0
-31 -36  0
-32 -31  0
-32 -33  0
-32 -34  0
-32 -35  0
-32 -36  0
-33 -31  0
-33 -32  0
-33 -34  0
-33 -35  0
-33 -36  0
-34 -31  0
-34 -32  0
-34 -33  0
-34 -35  0
-34 -36  0
-35 -31  0
-35 -32  0
-35 -33  0
-35 -34  0
-35 -36  0
-36 -31  0
-36 -32  0
-36 -33  0
-36 -34  0
-36 -35  0
-37 -38  0
-37 -39  0
-37 -40  0
-37 -41  0
-37 -42  0
-38 -37  0
-38 -39  0
-38 -40  0
-38 -41  0
-38 -42  0
-39 -37  0
-39 -38  0
-39 -40  0
-39 -41  0
-39 -42  0
-40 -37  0
-40 -38  0
-40 -39  0
-40 -41  0
-40 -42  0
-41 -37  0
-41 -38  0
-41 -39  0
-41 -40  0
-41 -42  0
-42 -37  0
-42 -38  0
-42 -39  0
-42 -40  0
-42 -41  0
-43 -44  0
-43 -45  0
-43 -46  0
-43 -47  0
-43 -48  0
-44 -43  0
-44 -45  0
-44 -46  0
-44 -47  0
-44 -48  0
-45 -43  0
-45 -44  0
-45 -46  0
-45 -47  0
-45 -48  0
-46 -43  0
-46 -44  0
-46 -45  0
-46 -47  0
-46 -48  0
-47 -43  0
-47 -44  0
-47 -45  0
-47 -46  0
-47 -48  0
-48 -43  0
-48 -44  0
-48 -45  0
-48 -46  0
-48 -47  0
-49 -50  0
-49 -51  0
-49 -52  0
-49 -53  0
-49 -54  0
-50 -49  0
-50 -51  0
-50 -52  0
-50 -53  0
-50 -54  0
-51 -49  0
-51 -50  0
-51 -52  0
-51 -53  0
-51 -54  0
-52 -49  0
-52 -50  0
-52 -51  0
-52 -53  0
-52 -54  0
-53 -49  0
-53 -50  0
-53 -51  0
-53 -52  0
-53 -54  0
-54 -49  0
-54 -50  0
-54 -51  0
-54 -52  0
-54 -53  0
-55 -56  0
-55 -57  0
-55 -58  0
-55 -59  0
-55 -60  0
-56 -55  0
-56 -57  0
-56 -58  0
-56 -59  0
-56 -60  0
-57 -55  0
-57 -56  0
-57 -58  0
-57 -59  0
-57 -60  0
-58 -55  0
-58 -56  0
-58 -57  0
-58 -59  0
-58 -60  0
-59 -55  0
-59 -56  0
-59 -57  0
-59 -58  0
-59 -60  0
-60 -55  0
-60 -56  0
-60 -57  0
-60 -58  0
-60 -59  0
-61 -62  0
-61 -63  0
-61 -64  0
-61 -65  0
-61 -66  0
-62 -61  0
-62 -63  0
-62 -64  0
-62 -65  0
-62 -66  0
-63 -61  0
-63 -62  0
-63 -64  0
-63 -65  0
-63 -66  0
-64 -61  0
-64 -62  0
-64 -63  0
-64 -65  0
-64 -66  0
-65 -61  0
-65 -62  0
-65 -63  0
-65 -64  0
-65 -66  0
-66 -61  0
-66 -62  0
-66 -63  0
-66 -64  0
-66 -65  0
-67 -68  0
-67 -69  0
-67 -70  0
-67 -71  0
-67 -72  0
-68 -67  0
-68 -69  0
-68 -70  0
-68 -71  0
-68 -72  0
-69 -67  0
-69 -68  0
-69 -70  0
-69 -71  0
-69 -72  0
-70 -67  0
-70 -68  0
-70 -69  0
-70 -71  0
-70 -72  0
-71 -67  0
-71 -68  0
-71 -69  0
-71 -70  0
-71 -72  0
-72 -67  0
-72 -68  0
-72 -69  0
-72 -70  0
-72 -71  0
-73 -74  0
-73 -75  0
-73 -76  0
-73 -77  0
-73 -78  0
-74 -73  0
-74 -75  0
-74 -76  0
-74 -77  0
-74 -78  0
-75 -73  0
-75 -74  0
-75 -76  0
-75 -77  0
-75 -78  0
-76 -73  0
-76 -74  0
-76 -75  0
-76 -77  0
-76 -78  0
-77 -73  0
-77 -74  0
-77 -75  0
-77 -76  0
-77 -78  0
-78 -73  0
-78 -74  0
-78 -75  0
-78 -76  0
-78 -77  0
-79 -80  0
-79 -81  0
-79 -82  0
-79 -83  0
-79 -84  0
-80 -79  0
-80 -81  0
-80 -82  0
-80 -83  0
-80 -84  0
-81 -79  0
-81 -80  0
-81 -82  0
-81 -83  0
-81 -84  0
-82 -79  0
-82 -80  0
-82 -81  0
-82 -83  0
-82 -84  0
-83 -79  0
-83 -80  0
-83 -81  0
-83 -82  0
-83 -84  0
-84 -79  0
-84 -80  0
-84 -81  0
-84 -82  0
-84 -83  0
-85 -86  0
-85 -87  0
-85 -88  0
-85 -89  0
-85 -90  0
-86 -85  0
-86 -87  0
-86 -88  0
-86 -89  0
-86 -90  0
-87 -85  0
-87 -86  0
-87 -88  0
-87 -89  0
-87 -90  0
-88 -85  0
-88 -86  0
-88 -87  0
-88 -89  0
-88 -90  0
-89 -85  0
-89 -86  0
-89 -87  0
-89 -88  0
-89 -90  0
-90 -85  0
-90 -86  0
-90 -87  0
-90 -88  0
-90 -89  0
-91 -92  0
-91 -93  0
-91 -94  0
-91 -95  0
-91 -96  0
-92 -91  0
-92 -93  0
-92 -94  0
-92 -95  0
-92 -96  0
-93 -91  0
-93 -92  0
-93 -94  0
-93 -95  0
-93 -96  0
-94 -91  0
-94 -92  0
-94 -93  0
-94 -95  0
-94 -96  0
-95 -91  0
-95 -92  0
-95 -93  0
-95 -94  0
-95 -96  0
-96 -91  0
-96 -92  0
-96 -93  0
-96 -94  0
-96 -95  0
-97 -98  0
-97 -99  0
-97 -100  0
-97 -101  0
-97 -102  0
-98 -97  0
-98 -99  0
-98 -100  0
-98 -101  0
-98 -102  0
-99 -97  0
-99 -98  0
-99 -100  0
-99 -101  0
-99 -102  0
-100 -97  0
-100 -98  0
-100 -99  0
-100 -101  0
-100 -102  0
-101 -97  0
-101 -98  0
-101 -99  0
-101 -100  0
-101 -102  0
-102 -97  0
-102 -98  0
-102 -99  0
-102 -100  0
-102 -101  0
-103 -104  0
-103 -105  0
-103 -106  0
-103 -107  0
-103 -108  0
-104 -103  0
-104 -105  0
-104 -106  0
-104 -107  0
-104 -108  0
-105 -103  0
-105 -104  0
-105 -106  0
-105 -107  0
-105 -108  0
-106 -103  0
-106 -104  0
-106 -105  0
-106 -107  0
-106 -108  0
-107 -103  0
-107 -104  0
-107 -105  0
-107 -106  0
-107 -108  0
-108 -103  0
-108 -104  0
-108 -105  0
-108 -106  0
-108 -107  0
-109 -110  0
-109 -111  0
-109 -112  0
-109 -113  0
-109 -114  0
-110 -109  0
-110 -111  0
-110 -112  0
-110 -113  0
-110 -114  0
-111 -109  0
-111 -110  0
-111 -112  0
-111 -113  0
-111 -114  0
-112 -109  0
-112 -110  0
-112 -111  0
-112 -113  0
-112 -114  0
-113 -109  0
-113 -110  0
-113 -111  0
-113 -112  0
-113 -114  0
-114 -109  0
-114 -110  0
-114 -111  0
-114 -112  0
-114 -113  0
-115 -116  0
-115 -117  0
-115 -118  0
-115 -119  0
-115 -120  0
-116 -115  0
-116 -117  0
-116 -118  0
-116 -119  0
-116 -120  0
-117 -115  0
-117 -116  0
-117 -118  0
-117 -119  0
-117 -120  0
-118 -115  0
-118 -116  0
-118 -117  0
-118 -119  0
-118 -120  0
-119 -115  0
-119 -116  0
-119 -117  0
-119 -118  0
-119 -120  0
-120 -115  0
-120 -116  0
-120 -117  0
-120 -118  0
-120 -119  0
-121 -122  0
-121 -123  0
-121 -124  0
-121 -125  0
-121 -126  0
-122 -121  0
-122 -123  0
-122 -124  0
-122 -125  0
-122 -126  0
-123 -121  0
-123 -122  0
-123 -124  0
-123 -125  0
-123 -126  0
-124 -121  0
-124 -122  0
-124 -123  0
-124 -125  0
-124 -126  0
-125 -121  0
-125 -122  0
-125 -123  0
-125 -124  0
-125 -126  0
-126 -121  0
-126 -122  0
-126 -123  0
-126 -124  0
-126 -125  0
-127 -128  0
-127 -129  0
-127 -130  0
-127 -131  0
-127 -132  0
-128 -127  0
-128 -129  0
-128 -130  0
-128 -131  0
-128 -132  0
-129 -127  0
-129 -128  0
-129 -130  0
-129 -131  0
-129 -132  0
-130 -127  0
-130 -128  0
-130 -129  0
-130 -131  0
-130 -132  0
-131 -127  0
-131 -128  0
-131 -129  0
-131 -130  0
-131 -132  0
-132 -127  0
-132 -128  0
-132 -129  0
-132 -130  0
-132 -131  0
-133 -134  0
-133 -135  0
-133 -136  0
-133 -137  0
-133 -138  0
-134 -133  0
-134 -135  0
-134 -136  0
-134 -137  0
-134 -138  0
-135 -133  0
-135 -134  0
-135 -136  0
-135 -137  0
-135 -138  0
-136 -133  0
-136 -134  0
-136 -135  0
-136 -137  0
-136 -138  0
-137 -133  0
-137 -134  0
-137 -135  0
-137 -136  0
-137 -138  0
-138 -133  0
-138 -134  0
-138 -135  0
-138 -136  0
-138 -137  0
-139 -140  0
-139 -141  0
-139 -142  0
-139 -143  0
-139 -144  0
-140 -139  0
-140 -141  0
-140 -142  0
-140 -143  0
-140 -144  0
-141 -139  0
-141 -140  0
-141 -142  0
-141 -143  0
-141 -144  0
-142 -139  0
-142 -140  0
-142 -141  0
-142 -143  0
-142 -144  0
-143 -139  0
-143 -140  0
-143 -141  0
-143 -142  0
-143 -144  0
-144 -139  0
-144 -140  0
-144 -141  0
-144 -142  0
-144 -143  0
-145 -146  0
-145 -147  0
-145 -148  0
-145 -149  0
-145 -150  0
-146 -145  0
-146 -147  0
-146 -148  0
-146 -149  0
-146 -150  0
-147 -145  0
-147 -146  0
-147 -148  0
-147 -149  0
-147 -150  0
-148 -145  0
-148 -146  0
-148 -147  0
-148 -149  0
-148 -150  0
-149 -145  0
-149 -146  0
-149 -147  0
-149 -148  0
-149 -150  0
-150 -145  0
-150 -146  0
-150 -147  0
-150 -148  0
-150 -149  0
-151 -152  0
-151 -153  0
-151 -154  0
-151 -155  0
-151 -156  0
-152 -151  0
-152 -153  0
-152 -154  0
-152 -155  0
-152 -156  0
-153 -151  0
-153 -152  0
-153 -154  0
-153 -155  0
-153 -156  0
-154 -151  0
-154 -152  0
-154 -153  0
-154 -155  0
-154 -156  0
-155 -151  0
-155 -152  0
-155 -153  0
-155 -154  0
-155 -156  0
-156 -151  0
-156 -152  0
-156 -153  0
-156 -154  0
-156 -155  0
-157 -158  0
-157 -159  0
-157 -160  0
-157 -161  0
-157 -162  0
-158 -157  0
-158 -159  0
-158 -160  0
-158 -161  0
-158 -162  0
-159 -157  0
-159 -158  0
-159 -160  0
-159 -161  0
-159 -162  0
-160 -157  0
-160 -158  0
-160 -159  0
-160 -161  0
-160 -162  0
-161 -157  0
-161 -158  0
-161 -159  0
-161 -160  0
-161 -162  0
-162 -157  0
-162 -158  0
-162 -159  0
-162 -160  0
-162 -161  0
-163 -164  0
-163 -165  0
-163 -166  0
-163 -167  0
-163 -168  0
-164 -163  0
-164 -165  0
-164 -166  0
-164 -167  0
-164 -168  0
-165 -163  0
-165 -164  0
-165 -166  0
-165 -167  0
-165 -168  0
-166 -163  0
-166 -164  0
-166 -165  0
-166 -167  0
-166 -168  0
-167 -163  0
-167 -164  0
-167 -165  0
-167 -166  0
-167 -168  0
-168 -163  0
-168 -164  0
-168 -165  0
-168 -166  0
-168 -167  0
-169 -170  0
-169 -171  0
-169 -172  0
-169 -173  0
-169 -174  0
-170 -169  0
-170 -171  0
-170 -172  0
-170 -173  0
-170 -174  0
-171 -169  0
-171 -170  0
-171 -172  0
-171 -173  0
-171 -174  0
-172 -169  0
-172 -170  0
-172 -171  0
-172 -173  0
-172 -174  0
-173 -169  0
-173 -170  0
-173 -171  0
-173 -172  0
-173 -174  0
-174 -169  0
-174 -170  0
-174 -171  0
-174 -172  0
-174 -173  0
-175 -176  0
-175 -177  0
-175 -178  0
-175 -179  0
-175 -180  0
-176 -175  0
-176 -177  0
-176 -178  0
-176 -179  0
-176 -180  0
-177 -175  0
-177 -176  0
-177 -178  0
-177 -179  0
-177 -180  0
-178 -175  0
-178 -176  0
-178 -177  0
-178 -179  0
-178 -180  0
-179 -175  0
-179 -176  0
-179 -177  0
-179 -178  0
-179 -180  0
-180 -175  0
-180 -176  0
-180 -177  0
-180 -178  0
-180 -179  0
-181 -182  0
-181 -183  0
-181 -184  0
-181 -185  0
-181 -186  0
-182 -181  0
-182 -183  0
-182 -184  0
-182 -185  0
-182 -186  0
-183 -181  0
-183 -182  0
-183 -184  0
-183 -185  0
-183 -186  0
-184 -181  0
-184 -182  0
-184 -183  0
-184 -185  0
-184 -186  0
-185 -181  0
-185 -182  0
-185 -183  0
-185 -184  0
-185 -186  0
-186 -181  0
-186 -182  0
-186 -183  0
-186 -184  0
-186 -185  0
-187 -188  0
-187 -189  0
-187 -190  0
-187 -191  0
-187 -192  0
-188 -187  0
-188 -189  0
-188 -190  0
-188 -191  0
-188 -192  0
-189 -187  0
-189 -188  0
-189 -190  0
-189 -191  0
-189 -192  0
-190 -187  0
-190 -188  0
-190 -189  0
-190 -191  0
-190 -192  0
-191 -187  0
-191 -188  0
-191 -189  0
-191 -190  0
-191 -192  0
-192 -187  0
-192 -188  0
-192 -189  0
-192 -190  0
-192 -191  0
-193 -194  0
-193 -195  0
-193 -196  0
-193 -197  0
-193 -198  0
-194 -193  0
-194 -195  0
-194 -196  0
-194 -197  0
-194 -198  0
-195 -193  0
-195 -194  0
-195 -196  0
-195 -197  0
-195 -198  0
-196 -193  0
-196 -194  0
-196 -195  0
-196 -197  0
-196 -198  0
-197 -193  0
-197 -194  0
-197 -195  0
-197 -196  0
-197 -198  0
-198 -193  0
-198 -194  0
-198 -195  0
-198 -196  0
-198 -197  0
-199 -200  0
-199 -201  0
-199 -202  0
-199 -203  0
-199 -204  0
-200 -199  0
-200 -201  0
-200 -202  0
-200 -203  0
-200 -204  0
-201 -199  0
-201 -200  0
-201 -202  0
-201 -203  0
-201 -204  0
-202 -199  0
-202 -200  0
-202 -201  0
-202 -203  0
-202 -204  0
-203 -199  0
-203 -200  0
-203 -201  0
-203 -202  0
-203 -204  0
-204 -199  0
-204 -200  0
-204 -201  0
-204 -202  0
-204 -203  0
-205 -206  0
-205 -207  0
-205 -208  0
-205 -209  0
-205 -210  0
-206 -205  0
-206 -207  0
-206 -208  0
-206 -209  0
-206 -210  0
-207 -205  0
-207 -206  0
-207 -208  0
-207 -209  0
-207 -210  0
-208 -205  0
-208 -206  0
-208 -207  0
-208 -209  0
-208 -210  0
-209 -205  0
-209 -206  0
-209 -207  0
-209 -208  0
-209 -210  0
-210 -205  0
-210 -206  0
-210 -207  0
-210 -208  0
-210 -209  0
-211 -212  0
-211 -213  0
-211 -214  0
-211 -215  0
-211 -216  0
-212 -211  0
-212 -213  0
-212 -214  0
-212 -215  0
-212 -216  0
-213 -211  0
-213 -212  0
-213 -214  0
-213 -215  0
-213 -216  0
-214 -211  0
-214 -212  0
-214 -213  0
-214 -215  0
-214 -216  0
-215 -211  0
-215 -212  0
-215 -213  0
-215 -214  0
-215 -216  0
-216 -211  0
-216 -212  0
-216 -213  0
-216 -214  0
-216 -215  0
-217 -218  0
-217 -219  0
-217 -220  0
-217 -221  0
-217 -222  0
-218 -217  0
-218 -219  0
-218 -220  0
-218 -221  0
-218 -222  0
-219 -217  0
-219 -218  0
-219 -220  0
-219 -221  0
-219 -222  0
-220 -217  0
-220 -218  0
-220 -219  0
-220 -221  0
-220 -222  0
-221 -217  0
-221 -218  0
-221 -219  0
-221 -220  0
-221 -222  0
-222 -217  0
-222 -218  0
-222 -219  0
-222 -220  0
-222 -221  0
-223 -224  0
-223 -225  0
-223 -226  0
-223 -227  0
-223 -228  0
-224 -223  0
-224 -225  0
-224 -226  0
-224 -227  0
-224 -228  0
-225 -223  0
-225 -224  0
-225 -226  0
-225 -227  0
-225 -228  0
-226 -223  0
-226 -224  0
-226 -225  0
-226 -227  0
-226 -228  0
-227 -223  0
-227 -224  0
-227 -225  0
-227 -226  0
-227 -228  0
-228 -223  0
-228 -224  0
-228 -225  0
-228 -226  0
-228 -227  0
-229 -230  0
-229 -231  0
-229 -232  0
-229 -233  0
-229 -234  0
-230 -229  0
-230 -231  0
-230 -232  0
-230 -233  0
-230 -234  0
-231 -229  0
-231 -230  0
-231 -232  0
-231 -233  0
-231 -234  0
-232 -229  0
-232 -230  0
-232 -231  0
-232 -233  0
-232 -234  0
-233 -229  0
-233 -230  0
-233 -231  0
-233 -232  0
-233 -234  0
-234 -229  0
-234 -230  0
-234 -231  0
-234 -232  0
-234 -233  0
-235 -236  0
-235 -237  0
-235 -238  0
-235 -239  0
-235 -240  0
-236 -235  0
-236 -237  0
-236 -238  0
-236 -239  0
-236 -240  0
-237 -235  0
-237 -236  0
-237 -238  0
-237 -239  0
-237 -240  0
-238 -235  0
-238 -236  0
-238 -237  0
-238 -239  0
-238 -240  0
-239 -235  0
-239 -236  0
-239 -237  0
-239 -238  0
-239 -240  0
-240 -235  0
-240 -236  0
-240 -237  0
-240 -238  0
-240 -239  0
-241 -242  0
-241 -243  0
-241 -244  0
-241 -245  0
-241 -246  0
-242 -241  0
-242 -243  0
-242 -244  0
-242 -245  0
-242 -246  0
-243 -241  0
-243 -242  0
-243 -244  0
-243 -245  0
-243 -246  0
-244 -241  0
-244 -242  0
-244 -243  0
-244 -245  0
-244 -246  0
-245 -241  0
-245 -242  0
-245 -243  0
-245 -244  0
-245 -246  0
-246 -241  0
-246 -242  0
-246 -243  0
-246 -244  0
-246 -245  0
-247 -248  0
-247 -249  0
-247 -250  0
-247 -251  0
-247 -252  0
-248 -247  0
-248 -249  0
-248 -250  0
-248 -251  0
-248 -252  0
-249 -247  0
-249 -248  0
-249 -250  0
-249 -251  0
-249 -252  0
-250 -247  0
-250 -248  0
-250 -249  0
-250 -251  0
-250 -252  0
-251 -247  0
-251 -248  0
-251 -249  0
-251 -250  0
-251 -252  0
-252 -247  0
-252 -248  0
-252 -249  0
-252 -250  0
-252 -251  0
-253 -254  0
-253 -255  0
-253 -256  0
-253 -257  0
-253 -258  0
-254 -253  0
-254 -255  0
-254 -256  0
-254 -257  0
-254 -258  0
-255 -253  0
-255 -254  0
-255 -256  0
-255 -257  0
-255 -258  0
-256 -253  0
-256 -254  0
-256 -255  0
-256 -257  0
-256 -258  0
-257 -253  0
-257 -254  0
-257 -255  0
-257 -256  0
-257 -258  0
-258 -253  0
-258 -254  0
-258 -255  0
-258 -256  0
-258 -257  0
-259 -260  0
-259 -261  0
-259 -262  0
-259 -263  0
-259 -264  0
-260 -259  0
-260 -261  0
-260 -262  0
-260 -263  0
-260 -264  0
-261 -259  0
-261 -260  0
-261 -262  0
-261 -263  0
-261 -264  0
-262 -259  0
-262 -260  0
-262 -261  0
-262 -263  0
-262 -264  0
-263 -259  0
-263 -260  0
-263 -261  0
-263 -262  0
-263 -264  0
-264 -259  0
-264 -260  0
-264 -261  0
-264 -262  0
-264 -263  0
-265 -266  0
-265 -267  0
-265 -268  0
-265 -269  0
-265 -270  0
-266 -265  0
-266 -267  0
-266 -268  0
-266 -269  0
-266 -270  0
-267 -265  0
-267 -266  0
-267 -268  0
-267 -269  0
-267 -270  0
-268 -265  0
-268 -266  0
-268 -267  0
-268 -269  0
-268 -270  0
-269 -265  0
-269 -266  0
-269 -267  0
-269 -268  0
-269 -270  0
-270 -265  0
-270 -266  0
-270 -267  0
-270 -268  0
-270 -269  0
-271 -272  0
-271 -273  0
-271 -274  0
-271 -275  0
-271 -276  0
-272 -271  0
-272 -273  0
-272 -274  0
-272 -275  0
-272 -276  0
-273 -271  0
-273 -272  0
-273 -274  0
-273 -275  0
-273 -276  0
-274 -271  0
-274 -272  0
-274 -273  0
-274 -275  0
-274 -276  0
-275 -271  0
-275 -272  0
-275 -273  0
-275 -274  0
-275 -276  0
-276 -271  0
-276 -272  0
-276 -273  0
-276 -274  0
-276 -275  0
-277 -278  0
-277 -279  0
-277 -280  0
-277 -281  0
-277 -282  0
-278 -277  0
-278 -279  0
-278 -280  0
-278 -281  0
-278 -282  0
-279 -277  0
-279 -278  0
-279 -280  0
-279 -281  0
-279 -282  0
-280 -277  0
-280 -278  0
-280 -279  0
-280 -281  0
-280 -282  0
-281 -277  0
-281 -278  0
-281 -279  0
-281 -280  0
-281 -282  0
-282 -277  0
-282 -278  0
-282 -279  0
-282 -280  0
-282 -281  0
1 2 3 4 5 6  0
7 8 9 10 11 12  0
13 14 15 16 17 18  0
19 20 21 22 23 24  0
25 26 27 28 29 30  0
31 32 33 34 35 36  0
37 38 39 40 41 42  0
43 44 45 46 47 48  0
49 50 51 52 53 54  0
55 56 57 58 59 60  0
61 62 63 64 65 66  0
67 68 69 70 71 72  0
73 74 75 76 77 78  0
79 80 81 82 83 84  0
85 86 87 88 89 90  0
91 92 93 94 95 96  0
97 98 99 100 101 102  0
103 104 105 106 107 108  0
109 110 111 112 113 114  0
115 116 117 118 119 120  0
121 122 123 124 125 126  0
127 128 129 130 131 132  0
133 134 135 136 137 138  0
139 140 141 142 143 144  0
145 146 147 148 149 150  0
151 152 153 154 155 156  0
157 158 159 160 161 162  0
163 164 165 166 167 168  0
169 170 171 172 173 174  0
175 176 177 178 179 180  0
181 182 183 184 185 186  0
187 188 189 190 191 192  0
193 194 195 196 197 198  0
199 200 201 202 203 204  0
205 206 207 208 209 210  0
211 212 213 214 215 216  0
217 218 219 220 221 222  0
223 224 225 226 227 228  0
229 230 231 232 233 234  0
235 236 237 238 239 240  0
241 242 243 244 245 246  0
247 248 249 250 251 252  0
253 254 255 256 257 258  0
259 260 261 262 263 264  0
265 266 267 268 269 270  0
271 272 273 274 275 276  0
277 278 279 280 281 282  0
-1 -7  0
-1 -19  0
-1 -37  0
-1 -49  0
-1 -73  0
-1 -85  0
-1 -103  0
-1 -115  0
-1 -145  0
-1 -157  0
-1 -175  0
-1 -187  0
-1 -211  0
-1 -223  0
-1 -241  0
-1 -253  0
-2 -8  0
-2 -20  0
-2 -38  0
-2 -50  0
-2 -74  0
-2 -86  0
-2 -104  0
-2 -116  0
-2 -146  0
-2 -158  0
-2 -176  0
-2 -188  0
-2 -212  0
-2 -224  0
-2 -242  0
-2 -254  0
-3 -9  0
-3 -21  0
-3 -39  0
-3 -51  0
-3 -75  0
-3 -87  0
-3 -105  0
-3 -117  0
-3 -147  0
-3 -159  0
-3 -177  0
-3 -189  0
-3 -213  0
-3 -225  0
-3 -243  0
-3 -255  0
-4 -10  0
-4 -22  0
-4 -40  0
-4 -52  0
-4 -76  0
-4 -88  0
-4 -106  0
-4 -118  0
-4 -148  0
-4 -160  0
-4 -178  0
-4 -190  0
-4 -214  0
-4 -226  0
-4 -244  0
-4 -256  0
-5 -11  0
-5 -23  0
-5 -41  0
-5 -53  0
-5 -77  0
-5 -89  0
-5 -107  0
-5 -119  0
-5 -149  0
-5 -161  0
-5 -179  0
-5 -191  0
-5 -215  0
-5 -227  0
-5 -245  0
-5 -257  0
-6 -12  0
-6 -24  0
-6 -42  0
-6 -54  0
-6 -78  0
-6 -90  0
-6 -108  0
-6 -120  0
-6 -150  0
-6 -162  0
-6 -180  0
-6 -192  0
-6 -216  0
-6 -228  0
-6 -246  0
-6 -258  0
-7 -1  0
-7 -13  0
-7 -31  0
-7 -43  0
-7 -67  0
-7 -79  0
-7 -97  0
-7 -109  0
-7 -139  0
-7 -151  0
-7 -169  0
-7 -181  0
-7 -205  0
-7 -217  0
-7 -235  0
-7 -247  0
-8 -2  0
-8 -14  0
-8 -32  0
-8 -44  0
-8 -68  0
-8 -80  0
-8 -98  0
-8 -110  0
-8 -140  0
-8 -152  0
-8 -170  0
-8 -182  0
-8 -206  0
-8 -218  0
-8 -236  0
-8 -248  0
-9 -3  0
-9 -15  0
-9 -33  0
-9 -45  0
-9 -69  0
-9 -81  0
-9 -99  0
-9 -111  0
-9 -141  0
-9 -153  0
-9 -171  0
-9 -183  0
-9 -207  0
-9 -219  0
-9 -237  0
-9 -249  0
-10 -4  0
-10 -16  0
-10 -34  0
-10 -46  0
-10 -70  0
-10 -82  0
-10 -100  0
-10 -112  0
-10 -142  0
-10 -154  0
-10 -172  0
-10 -184  0
-10 -208  0
-10 -220  0
-10 -238  0
-10 -250  0
-11 -5  0
-11 -17  0
-11 -35  0
-11 -47  0
-11 -71  0
-11 -83  0
-11 -101  0
-11 -113  0
-11 -143  0
-11 -155  0
-11 -173  0
-11 -185  0
-11 -209  0
-11 -221  0
-11 -239  0
-11 -251  0
-12 -6  0
-12 -18  0
-12 -36  0
-12 -48  0
-12 -72  0
-12 -84  0
-12 -102  0
-12 -114  0
-12 -144  0
-12 -156  0
-12 -174  0
-12 -186  0
-12 -210  0
-12 -222  0
-12 -240  0
-12 -252  0
-13 -7  0
-13 -25  0
-13 -37  0
-13 -55  0
-13 -73  0
-13 -91  0
-13 -103  0
-13 -121  0
-13 -145  0
-13 -163  0
-13 -175  0
-13 -193  0
-13 -211  0
-13 -229  0
-13 -241  0
-13 -259  0
-14 -8  0
-14 -26  0
-14 -38  0
-14 -56  0
-14 -74  0
-14 -92  0
-14 -104  0
-14 -122  0
-14 -146  0
-14 -164  0
-14 -176  0
-14 -194  0
-14 -212  0
-14 -230  0
-14 -242  0
-14 -260  0
-15 -9  0
-15 -27  0
-15 -39  0
-15 -57  0
-15 -75  0
-15 -93  0
-15 -105  0
-15 -123  0
-15 -147  0
-15 -165  0
-15 -177  0
-15 -195  0
-15 -213  0
-15 -231  0
-15 -243  0
-15 -261  0
-16 -10  0
-16 -28  0
-16 -40  0
-16 -58  0
-16 -76  0
-16 -94  0
-16 -106  0
-16 -124  0
-16 -148  0
-16 -166  0
-16 -178  0
-16 -196  0
-16 -214  0
-16 -232  0
-16 -244  0
-16 -262  0
-17 -11  0
-17 -29  0
-17 -41  0
-17 -59  0
-17 -77  0
-17 -95  0
-17 -107  0
-17 -125  0
-17 -149  0
-17 -167  0
-17 -179  0
-17 -197  0
-17 -215  0
-17 -233  0
-17 -245  0
-17 -263  0
-18 -12  0
-18 -30  0
-18 -42  0
-18 -60  0
-18 -78  0
-18 -96  0
-18 -108  0
-18 -126  0
-18 -150  0
-18 -168  0
-18 -180  0
-18 -198  0
-18 -216  0
-18 -234  0
-18 -246  0
-18 -264  0
-19 -1  0
-19 -25  0
-19 -31  0
-19 -55  0
-19 -67  0
-19 -91  0
-19 -97  0
-19 -121  0
-19 -139  0
-19 -163  0
-19 -169  0
-19 -193  0
-19 -205  0
-19 -229  0
-19 -235  0
-19 -259  0
-20 -2  0
-20 -26  0
-20 -32  0
-20 -56  0
-20 -68  0
-20 -92  0
-20 -98  0
-20 -122  0
-20 -140  0
-20 -164  0
-20 -170  0
-20 -194  0
-20 -206  0
-20 -230  0
-20 -236  0
-20 -260  0
-21 -3  0
-21 -27  0
-21 -33  0
-21 -57  0
-21 -69  0
-21 -93  0
-21 -99  0
-21 -123  0
-21 -141  0
-21 -165  0
-21 -171  0
-21 -195  0
-21 -207  0
-21 -231  0
-21 -237  0
-21 -261  0
-22 -4  0
-22 -28  0
-22 -34  0
-22 -58  0
-22 -70  0
-22 -94  0
-22 -100  0
-22 -124  0
-22 -142  0
-22 -166  0
-22 -172  0
-22 -196  0
-22 -208  0
-22 -232  0
-22 -238  0
-22 -262  0
-23 -5  0
-23 -29  0
-23 -35  0
-23 -59  0
-23 -71  0
-23 -95  0
-23 -101  0
-23 -125  0
-23 -143  0
-23 -167  0
-23 -173  0
-23 -197  0
-23 -209  0
-23 -233  0
-23 -239  0
-23 -263  0
-24 -6  0
-24 -30  0
-24 -36  0
-24 -60  0
-24 -72  0
-24 -96  0
-24 -102  0
-24 -126  0
-24 -144  0
-24 -168  0
-24 -174  0
-24 -198  0
-24 -210  0
-24 -234  0
-24 -240  0
-24 -264  0
-25 -13  0
-25 -19  0
-25 -43  0
-25 -49  0
-25 -79  0
-25 -85  0
-25 -109  0
-25 -115  0
-25 -151  0
-25 -157  0
-25 -181  0
-25 -187  0
-25 -217  0
-25 -223  0
-25 -247  0
-25 -253  0
-26 -14  0
-26 -20  0
-26 -44  0
-26 -50  0
-26 -80  0
-26 -86  0
-26 -110  0
-26 -116  0
-26 -152  0
-26 -158  0
-26 -182  0
-26 -188  0
-26 -218  0
-26 -224  0
-26 -248  0
-26 -254  0
-27 -15  0
-27 -21  0
-27 -45  0
-27 -51  0
-27 -81  0
-27 -87  0
-27 -111  0
-27 -117  0
-27 -153  0
-27 -159  0
-27 -183  0
-27 -189  0
-27 -219  0
-27 -225  0
-27 -249  0
-27 -255  0
-28 -16  0
-28 -22  0
-28 -46  0
-28 -52  0
-28 -82  0
-28 -88  0
-28 -112  0
-28 -118  0
-28 -154  0
-28 -160  0
-28 -184  0
-28 -190  0
-28 -220  0
-28 -226  0
-28 -250  0
-28 -256  0
-29 -17  0
-29 -23  0
-29 -47  0
-29 -53  0
-29 -83  0
-29 -89  0
-29 -113  0
-29 -119  0
-29 -155  0
-29 -161  0
-29 -185  0
-29 -191  0
-29 -221  0
-29 -227  0
-29 -251  0
-29 -257  0
-30 -18  0
-30 -24  0
-30 -48  0
-30 -54  0
-30 -84  0
-30 -90  0
-30 -114  0
-30 -120  0
-30 -156  0
-30 -162  0
-30 -186  0
-30 -192  0
-30 -222  0
-30 -228  0
-30 -252  0
-30 -258  0
-31 -7  0
-31 -19  0
-31 -61  0
-31 -73  0
-31 -85  0
-31 -127  0
-31 -145  0
-31 -157  0
-31 -199  0
-31 -211  0
-31 -223  0
-31 -265  0
-32 -8  0
-32 -20  0
-32 -62  0
-32 -74  0
-32 -86  0
-32 -128  0
-32 -146  0
-32 -158  0
-32 -200  0
-32 -212  0
-32 -224  0
-32 -266  0
-33 -9  0
-33 -21  0
-33 -63  0
-33 -75  0
-33 -87  0
-33 -129  0
-33 -147  0
-33 -159  0
-33 -201  0
-33 -213  0
-33 -225  0
-33 -267  0
-34 -10  0
-34 -22  0
-34 -64  0
-34 -76  0
-34 -88  0
-34 -130  0
-34 -148  0
-34 -160  0
-34 -202  0
-34 -214  0
-34 -226  0
-34 -268  0
-35 -11  0
-35 -23  0
-35 -65  0
-35 -77  0
-35 -89  0
-35 -131  0
-35 -149  0
-35 -161  0
-35 -203  0
-35 -215  0
-35 -227  0
-35 -269  0
-36 -12  0
-36 -24  0
-36 -66  0
-36 -78  0
-36 -90  0
-36 -132  0
-36 -150  0
-36 -162  0
-36 -204  0
-36 -216  0
-36 -228  0
-36 -270  0
-37 -1  0
-37 -13  0
-37 -61  0
-37 -67  0
-37 -79  0
-37 -127  0
-37 -139  0
-37 -151  0
-37 -199  0
-37 -205  0
-37 -217  0
-37 -265  0
-38 -2  0
-38 -14  0
-38 -62  0
-38 -68  0
-38 -80  0
-38 -128  0
-38 -140  0
-38 -152  0
-38 -200  0
-38 -206  0
-38 -218  0
-38 -266  0
-39 -3  0
-39 -15  0
-39 -63  0
-39 -69  0
-39 -81  0
-39 -129  0
-39 -141  0
-39 -153  0
-39 -201  0
-39 -207  0
-39 -219  0
-39 -267  0
-40 -4  0
-40 -16  0
-40 -64  0
-40 -70  0
-40 -82  0
-40 -130  0
-40 -142  0
-40 -154  0
-40 -202  0
-40 -208  0
-40 -220  0
-40 -268  0
-41 -5  0
-41 -17  0
-41 -65  0
-41 -71  0
-41 -83  0
-41 -131  0
-41 -143  0
-41 -155  0
-41 -203  0
-41 -209  0
-41 -221  0
-41 -269  0
-42 -6  0
-42 -18  0
-42 -66  0
-42 -72  0
-42 -84  0
-42 -132  0
-42 -144  0
-42 -156  0
-42 -204  0
-42 -210  0
-42 -222  0
-42 -270  0
-43 -7  0
-43 -25  0
-43 -61  0
-43 -73  0
-43 -91  0
-43 -127  0
-43 -145  0
-43 -163  0
-43 -199  0
-43 -211  0
-43 -229  0
-43 -265  0
-44 -8  0
-44 -26  0
-44 -62  0
-44 -74  0
-44 -92  0
-44 -128  0
-44 -146  0
-44 -164  0
-44 -200  0
-44 -212  0
-44 -230  0
-44 -266  0
-45 -9  0
-45 -27  0
-45 -63  0
-45 -75  0
-45 -93  0
-45 -129  0
-45 -147  0
-45 -165  0
-45 -201  0
-45 -213  0
-45 -231  0
-45 -267  0
-46 -10  0
-46 -28  0
-46 -64  0
-46 -76  0
-46 -94  0
-46 -130  0
-46 -148  0
-46 -166  0
-46 -202  0
-46 -214  0
-46 -232  0
-46 -268  0
-47 -11  0
-47 -29  0
-47 -65  0
-47 -77  0
-47 -95  0
-47 -131  0
-47 -149  0
-47 -167  0
-47 -203  0
-47 -215  0
-47 -233  0
-47 -269  0
-48 -12  0
-48 -30  0
-48 -66  0
-48 -78  0
-48 -96  0
-48 -132  0
-48 -150  0
-48 -168  0
-48 -204  0
-48 -216  0
-48 -234  0
-48 -270  0
-49 -1  0
-49 -25  0
-49 -61  0
-49 -67  0
-49 -91  0
-49 -127  0
-49 -139  0
-49 -163  0
-49 -199  0
-49 -205  0
-49 -229  0
-49 -265  0
-50 -2  0
-50 -26  0
-50 -62  0
-50 -68  0
-50 -92  0
-50 -128  0
-50 -140  0
-50 -164  0
-50 -200  0
-50 -206  0
-50 -230  0
-50 -266  0
-51 -3  0
-51 -27  0
-51 -63  0
-51 -69  0
-51 -93  0
-51 -129  0
-51 -141  0
-51 -165  0
-51 -201  0
-51 -207  0
-51 -231  0
-51 -267  0
-52 -4  0
-52 -28  0
-52 -64  0
-52 -70  0
-52 -94  0
-52 -130  0
-52 -142  0
-52 -166  0
-52 -202  0
-52 -208  0
-52 -232  0
-52 -268  0
-53 -5  0
-53 -29  0
-53 -65  0
-53 -71  0
-53 -95  0
-53 -131  0
-53 -143  0
-53 -167  0
-53 -203  0
-53 -209  0
-53 -233  0
-53 -269  0
-54 -6  0
-54 -30  0
-54 -66  0
-54 -72  0
-54 -96  0
-54 -132  0
-54 -144  0
-54 -168  0
-54 -204  0
-54 -210  0
-54 -234  0
-54 -270  0
-55 -13  0
-55 -19  0
-55 -61  0
-55 -79  0
-55 -85  0
-55 -127  0
-55 -151  0
-55 -157  0
-55 -199  0
-55 -217  0
-55 -223  0
-55 -265  0
-56 -14  0
-56 -20  0
-56 -62  0
-56 -80  0
-56 -86  0
-56 -128  0
-56 -152  0
-56 -158  0
-56 -200  0
-56 -218  0
-56 -224  0
-56 -266  0
-57 -15  0
-57 -21  0
-57 -63  0
-57 -81  0
-57 -87  0
-57 -129  0
-57 -153  0
-57 -159  0
-57 -201  0
-57 -219  0
-57 -225  0
-57 -267  0
-58 -16  0
-58 -22  0
-58 -64  0
-58 -82  0
-58 -88  0
-58 -130  0
-58 -154  0
-58 -160  0
-58 -202  0
-58 -220  0
-58 -226  0
-58 -268  0
-59 -17  0
-59 -23  0
-59 -65  0
-59 -83  0
-59 -89  0
-59 -131  0
-59 -155  0
-59 -161  0
-59 -203  0
-59 -221  0
-59 -227  0
-59 -269  0
-60 -18  0
-60 -24  0
-60 -66  0
-60 -84  0
-60 -90  0
-60 -132  0
-60 -156  0
-60 -162  0
-60 -204  0
-60 -222  0
-60 -228  0
-60 -270  0
-61 -31  0
-61 -37  0
-61 -43  0
-61 -49  0
-61 -55  0
-61 -97  0
-61 -103  0
-61 -109  0
-61 -115  0
-61 -121  0
-61 -169  0
-61 -175  0
-61 -181  0
-61 -187  0
-61 -193  0
-61 -235  0
-61 -241  0
-61 -247  0
-61 -253  0
-61 -259  0
-62 -32  0
-62 -38  0
-62 -44  0
-62 -50  0
-62 -56  0
-62 -98  0
-62 -104  0
-62 -110  0
-62 -116  0
-62 -122  0
-62 -170  0
-62 -176  0
-62 -182  0
-62 -188  0
-62 -194  0
-62 -236  0
-62 -242  0
-62 -248  0
-62 -254  0
-62 -260  0
-63 -33  0
-63 -39  0
-63 -45  0
-63 -51  0
-63 -57  0
-63 -99  0
-63 -105  0
-63 -111  0
-63 -117  0
-63 -123  0
-63 -171  0
-63 -177  0
-63 -183  0
-63 -189  0
-63 -195  0
-63 -237  0
-63 -243  0
-63 -249  0
-63 -255  0
-63 -261  0
-64 -34  0
-64 -40  0
-64 -46  0
-64 -52  0
-64 -58  0
-64 -100  0
-64 -106  0
-64 -112  0
-64 -118  0
-64 -124  0
-64 -172  0
-64 -178  0
-64 -184  0
-64 -190  0
-64 -196  0
-64 -238  0
-64 -244  0
-64 -250  0
-64 -256  0
-64 -262  0
-65 -35  0
-65 -41  0
-65 -47  0
-65 -53  0
-65 -59  0
-65 -101  0
-65 -107  0
-65 -113  0
-65 -119  0
-65 -125  0
-65 -173  0
-65 -179  0
-65 -185  0
-65 -191  0
-65 -197  0
-65 -239  0
-65 -245  0
-65 -251  0
-65 -257  0
-65 -263  0
-66 -36  0
-66 -42  0
-66 -48  0
-66 -54  0
-66 -60  0
-66 -102  0
-66 -108  0
-66 -114  0
-66 -120  0
-66 -126  0
-66 -174  0
-66 -180  0
-66 -186  0
-66 -192  0
-66 -198  0
-66 -240  0
-66 -246  0
-66 -252  0
-66 -258  0
-66 -264  0
-67 -7  0
-67 -19  0
-67 -37  0
-67 -49  0
-67 -133  0
-67 -145  0
-67 -157  0
-67 -175  0
-67 -187  0
-67 -271  0
-68 -8  0
-68 -20  0
-68 -38  0
-68 -50  0
-68 -134  0
-68 -146  0
-68 -158  0
-68 -176  0
-68 -188  0
-68 -272  0
-69 -9  0
-69 -21  0
-69 -39  0
-69 -51  0
-69 -135  0
-69 -147  0
-69 -159  0
-69 -177  0
-69 -189  0
-69 -273  0
-70 -10  0
-70 -22  0
-70 -40  0
-70 -52  0
-70 -136  0
-70 -148  0
-70 -160  0
-70 -178  0
-70 -190  0
-70 -274  0
-71 -11  0
-71 -23  0
-71 -41  0
-71 -53  0
-71 -137  0
-71 -149  0
-71 -161  0
-71 -179  0
-71 -191  0
-71 -275  0
-72 -12  0
-72 -24  0
-72 -42  0
-72 -54  0
-72 -138  0
-72 -150  0
-72 -162  0
-72 -180  0
-72 -192  0
-72 -276  0
-73 -1  0
-73 -13  0
-73 -31  0
-73 -43  0
-73 -133  0
-73 -139  0
-73 -151  0
-73 -169  0
-73 -181  0
-73 -271  0
-74 -2  0
-74 -14  0
-74 -32  0
-74 -44  0
-74 -134  0
-74 -140  0
-74 -152  0
-74 -170  0
-74 -182  0
-74 -272  0
-75 -3  0
-75 -15  0
-75 -33  0
-75 -45  0
-75 -135  0
-75 -141  0
-75 -153  0
-75 -171  0
-75 -183  0
-75 -273  0
-76 -4  0
-76 -16  0
-76 -34  0
-76 -46  0
-76 -136  0
-76 -142  0
-76 -154  0
-76 -172  0
-76 -184  0
-76 -274  0
-77 -5  0
-77 -17  0
-77 -35  0
-77 -47  0
-77 -137  0
-77 -143  0
-77 -155  0
-77 -173  0
-77 -185  0
-77 -275  0
-78 -6  0
-78 -18  0
-78 -36  0
-78 -48  0
-78 -138  0
-78 -144  0
-78 -156  0
-78 -174  0
-78 -186  0
-78 -276  0
-79 -7  0
-79 -25  0
-79 -37  0
-79 -55  0
-79 -133  0
-79 -145  0
-79 -163  0
-79 -175  0
-79 -193  0
-79 -271  0
-80 -8  0
-80 -26  0
-80 -38  0
-80 -56  0
-80 -134  0
-80 -146  0
-80 -164  0
-80 -176  0
-80 -194  0
-80 -272  0
-81 -9  0
-81 -27  0
-81 -39  0
-81 -57  0
-81 -135  0
-81 -147  0
-81 -165  0
-81 -177  0
-81 -195  0
-81 -273  0
-82 -10  0
-82 -28  0
-82 -40  0
-82 -58  0
-82 -136  0
-82 -148  0
-82 -166  0
-82 -178  0
-82 -196  0
-82 -274  0
-83 -11  0
-83 -29  0
-83 -41  0
-83 -59  0
-83 -137  0
-83 -149  0
-83 -167  0
-83 -179  0
-83 -197  0
-83 -275  0
-84 -12  0
-84 -30  0
-84 -42  0
-84 -60  0
-84 -138  0
-84 -150  0
-84 -168  0
-84 -180  0
-84 -198  0
-84 -276  0
-85 -1  0
-85 -25  0
-85 -31  0
-85 -55  0
-85 -133  0
-85 -139  0
-85 -163  0
-85 -169  0
-85 -193  0
-85 -271  0
-86 -2  0
-86 -26  0
-86 -32  0
-86 -56  0
-86 -134  0
-86 -140  0
-86 -164  0
-86 -170  0
-86 -194  0
-86 -272  0
-87 -3  0
-87 -27  0
-87 -33  0
-87 -57  0
-87 -135  0
-87 -141  0
-87 -165  0
-87 -171  0
-87 -195  0
-87 -273  0
-88 -4  0
-88 -28  0
-88 -34  0
-88 -58  0
-88 -136  0
-88 -142  0
-88 -166  0
-88 -172  0
-88 -196  0
-88 -274  0
-89 -5  0
-89 -29  0
-89 -35  0
-89 -59  0
-89 -137  0
-89 -143  0
-89 -167  0
-89 -173  0
-89 -197  0
-89 -275  0
-90 -6  0
-90 -30  0
-90 -36  0
-90 -60  0
-90 -138  0
-90 -144  0
-90 -168  0
-90 -174  0
-90 -198  0
-90 -276  0
-91 -13  0
-91 -19  0
-91 -43  0
-91 -49  0
-91 -133  0
-91 -151  0
-91 -157  0
-91 -181  0
-91 -187  0
-91 -271  0
-92 -14  0
-92 -20  0
-92 -44  0
-92 -50  0
-92 -134  0
-92 -152  0
-92 -158  0
-92 -182  0
-92 -188  0
-92 -272  0
-93 -15  0
-93 -21  0
-93 -45  0
-93 -51  0
-93 -135  0
-93 -153  0
-93 -159  0
-93 -183  0
-93 -189  0
-93 -273  0
-94 -16  0
-94 -22  0
-94 -46  0
-94 -52  0
-94 -136  0
-94 -154  0
-94 -160  0
-94 -184  0
-94 -190  0
-94 -274  0
-95 -17  0
-95 -23  0
-95 -47  0
-95 -53  0
-95 -137  0
-95 -155  0
-95 -161  0
-95 -185  0
-95 -191  0
-95 -275  0
-96 -18  0
-96 -24  0
-96 -48  0
-96 -54  0
-96 -138  0
-96 -156  0
-96 -162  0
-96 -186  0
-96 -192  0
-96 -276  0
-97 -7  0
-97 -19  0
-97 -61  0
-97 -133  0
-97 -145  0
-97 -157  0
-97 -199  0
-97 -271  0
-98 -8  0
-98 -20  0
-98 -62  0
-98 -134  0
-98 -146  0
-98 -158  0
-98 -200  0
-98 -272  0
-99 -9  0
-99 -21  0
-99 -63  0
-99 -135  0
-99 -147  0
-99 -159  0
-99 -201  0
-99 -273  0
-100 -10  0
-100 -22  0
-100 -64  0
-100 -136  0
-100 -148  0
-100 -160  0
-100 -202  0
-100 -274  0
-101 -11  0
-101 -23  0
-101 -65  0
-101 -137  0
-101 -149  0
-101 -161  0
-101 -203  0
-101 -275  0
-102 -12  0
-102 -24  0
-102 -66  0
-102 -138  0
-102 -150  0
-102 -162  0
-102 -204  0
-102 -276  0
-103 -1  0
-103 -13  0
-103 -61  0
-103 -133  0
-103 -139  0
-103 -151  0
-103 -199  0
-103 -271  0
-104 -2  0
-104 -14  0
-104 -62  0
-104 -134  0
-104 -140  0
-104 -152  0
-104 -200  0
-104 -272  0
-105 -3  0
-105 -15  0
-105 -63  0
-105 -135  0
-105 -141  0
-105 -153  0
-105 -201  0
-105 -273  0
-106 -4  0
-106 -16  0
-106 -64  0
-106 -136  0
-106 -142  0
-106 -154  0
-106 -202  0
-106 -274  0
-107 -5  0
-107 -17  0
-107 -65  0
-107 -137  0
-107 -143  0
-107 -155  0
-107 -203  0
-107 -275  0
-108 -6  0
-108 -18  0
-108 -66  0
-108 -138  0
-108 -144  0
-108 -156  0
-108 -204  0
-108 -276  0
-109 -7  0
-109 -25  0
-109 -61  0
-109 -133  0
-109 -145  0
-109 -163  0
-109 -199  0
-109 -271  0
-110 -8  0
-110 -26  0
-110 -62  0
-110 -134  0
-110 -146  0
-110 -164  0
-110 -200  0
-110 -272  0
-111 -9  0
-111 -27  0
-111 -63  0
-111 -135  0
-111 -147  0
-111 -165  0
-111 -201  0
-111 -273  0
-112 -10  0
-112 -28  0
-112 -64  0
-112 -136  0
-112 -148  0
-112 -166  0
-112 -202  0
-112 -274  0
-113 -11  0
-113 -29  0
-113 -65  0
-113 -137  0
-113 -149  0
-113 -167  0
-113 -203  0
-113 -275  0
-114 -12  0
-114 -30  0
-114 -66  0
-114 -138  0
-114 -150  0
-114 -168  0
-114 -204  0
-114 -276  0
-115 -1  0
-115 -25  0
-115 -61  0
-115 -133  0
-115 -139  0
-115 -163  0
-115 -199  0
-115 -271  0
-116 -2  0
-116 -26  0
-116 -62  0
-116 -134  0
-116 -140  0
-116 -164  0
-116 -200  0
-116 -272  0
-117 -3  0
-117 -27  0
-117 -63  0
-117 -135  0
-117 -141  0
-117 -165  0
-117 -201  0
-117 -273  0
-118 -4  0
-118 -28  0
-118 -64  0
-118 -136  0
-118 -142  0
-118 -166  0
-118 -202  0
-118 -274  0
-119 -5  0
-119 -29  0
-119 -65  0
-119 -137  0
-119 -143  0
-119 -167  0
-119 -203  0
-119 -275  0
-120 -6  0
-120 -30  0
-120 -66  0
-120 -138  0
-120 -144  0
-120 -168  0
-120 -204  0
-120 -276  0
-121 -13  0
-121 -19  0
-121 -61  0
-121 -133  0
-121 -151  0
-121 -157  0
-121 -199  0
-121 -271  0
-122 -14  0
-122 -20  0
-122 -62  0
-122 -134  0
-122 -152  0
-122 -158  0
-122 -200  0
-122 -272  0
-123 -15  0
-123 -21  0
-123 -63  0
-123 -135  0
-123 -153  0
-123 -159  0
-123 -201  0
-123 -273  0
-124 -16  0
-124 -22  0
-124 -64  0
-124 -136  0
-124 -154  0
-124 -160  0
-124 -202  0
-124 -274  0
-125 -17  0
-125 -23  0
-125 -65  0
-125 -137  0
-125 -155  0
-125 -161  0
-125 -203  0
-125 -275  0
-126 -18  0
-126 -24  0
-126 -66  0
-126 -138  0
-126 -156  0
-126 -162  0
-126 -204  0
-126 -276  0
-127 -31  0
-127 -37  0
-127 -43  0
-127 -49  0
-127 -55  0
-127 -133  0
-127 -169  0
-127 -175  0
-127 -181  0
-127 -187  0
-127 -193  0
-127 -271  0
-128 -32  0
-128 -38  0
-128 -44  0
-128 -50  0
-128 -56  0
-128 -134  0
-128 -170  0
-128 -176  0
-128 -182  0
-128 -188  0
-128 -194  0
-128 -272  0
-129 -33  0
-129 -39  0
-129 -45  0
-129 -51  0
-129 -57  0
-129 -135  0
-129 -171  0
-129 -177  0
-129 -183  0
-129 -189  0
-129 -195  0
-129 -273  0
-130 -34  0
-130 -40  0
-130 -46  0
-130 -52  0
-130 -58  0
-130 -136  0
-130 -172  0
-130 -178  0
-130 -184  0
-130 -190  0
-130 -196  0
-130 -274  0
-131 -35  0
-131 -41  0
-131 -47  0
-131 -53  0
-131 -59  0
-131 -137  0
-131 -173  0
-131 -179  0
-131 -185  0
-131 -191  0
-131 -197  0
-131 -275  0
-132 -36  0
-132 -42  0
-132 -48  0
-132 -54  0
-132 -60  0
-132 -138  0
-132 -174  0
-132 -180  0
-132 -186  0
-132 -192  0
-132 -198  0
-132 -276  0
-133 -67  0
-133 -73  0
-133 -79  0
-133 -85  0
-133 -91  0
-133 -97  0
-133 -103  0
-133 -109  0
-133 -115  0
-133 -121  0
-133 -127  0
-133 -205  0
-133 -211  0
-133 -217  0
-133 -223  0
-133 -229  0
-133 -235  0
-133 -241  0
-133 -247  0
-133 -253  0
-133 -259  0
-133 -265  0
-134 -68  0
-134 -74  0
-134 -80  0
-134 -86  0
-134 -92  0
-134 -98  0
-134 -104  0
-134 -110  0
-134 -116  0
-134 -122  0
-134 -128  0
-134 -206  0
-134 -212  0
-134 -218  0
-134 -224  0
-134 -230  0
-134 -236  0
-134 -242  0
-134 -248  0
-134 -254  0
-134 -260  0
-134 -266  0
-135 -69  0
-135 -75  0
-135 -81  0
-135 -87  0
-135 -93  0
-135 -99  0
-135 -105  0
-135 -111  0
-135 -117  0
-135 -123  0
-135 -129  0
-135 -207  0
-135 -213  0
-135 -219  0
-135 -225  0
-135 -231  0
-135 -237  0
-135 -243  0
-135 -249  0
-135 -255  0
-135 -261  0
-135 -267  0
-136 -70  0
-136 -76  0
-136 -82  0
-136 -88  0
-136 -94  0
-136 -100  0
-136 -106  0
-136 -112  0
-136 -118  0
-136 -124  0
-136 -130  0
-136 -208  0
-136 -214  0
-136 -220  0
-136 -226  0
-136 -232  0
-136 -238  0
-136 -244  0
-136 -250  0
-136 -256  0
-136 -262  0
-136 -268  0
-137 -71  0
-137 -77  0
-137 -83  0
-137 -89  0
-137 -95  0
-137 -101  0
-137 -107  0
-137 -113  0
-137 -119  0
-137 -125  0
-137 -131  0
-137 -209  0
-137 -215  0
-137 -221  0
-137 -227  0
-137 -233  0
-137 -239  0
-137 -245  0
-137 -251  0
-137 -257  0
-137 -263  0
-137 -269  0
-138 -72  0
-138 -78  0
-138 -84  0
-138 -90  0
-138 -96  0
-138 -102  0
-138 -108  0
-138 -114  0
-138 -120  0
-138 -126  0
-138 -132  0
-138 -210  0
-138 -216  0
-138 -222  0
-138 -228  0
-138 -234  0
-138 -240  0
-138 -246  0
-138 -252  0
-138 -258  0
-138 -264  0
-138 -270  0
-139 -7  0
-139 -19  0
-139 -37  0
-139 -49  0
-139 -73  0
-139 -85  0
-139 -103  0
-139 -115  0
-139 -277  0
-140 -8  0
-140 -20  0
-140 -38  0
-140 -50  0
-140 -74  0
-140 -86  0
-140 -104  0
-140 -116  0
-140 -278  0
-141 -9  0
-141 -21  0
-141 -39  0
-141 -51  0
-141 -75  0
-141 -87  0
-141 -105  0
-141 -117  0
-141 -279  0
-142 -10  0
-142 -22  0
-142 -40  0
-142 -52  0
-142 -76  0
-142 -88  0
-142 -106  0
-142 -118  0
-142 -280  0
-143 -11  0
-143 -23  0
-143 -41  0
-143 -53  0
-143 -77  0
-143 -89  0
-143 -107  0
-143 -119  0
-143 -281  0
-144 -12  0
-144 -24  0
-144 -42  0
-144 -54  0
-144 -78  0
-144 -90  0
-144 -108  0
-144 -120  0
-144 -282  0
-145 -1  0
-145 -13  0
-145 -31  0
-145 -43  0
-145 -67  0
-145 -79  0
-145 -97  0
-145 -109  0
-145 -277  0
-146 -2  0
-146 -14  0
-146 -32  0
-146 -44  0
-146 -68  0
-146 -80  0
-146 -98  0
-146 -110  0
-146 -278  0
-147 -3  0
-147 -15  0
-147 -33  0
-147 -45  0
-147 -69  0
-147 -81  0
-147 -99  0
-147 -111  0
-147 -279  0
-148 -4  0
-148 -16  0
-148 -34  0
-148 -46  0
-148 -70  0
-148 -82  0
-148 -100  0
-148 -112  0
-148 -280  0
-149 -5  0
-149 -17  0
-149 -35  0
-149 -47  0
-149 -71  0
-149 -83  0
-149 -101  0
-149 -113  0
-149 -281  0
-150 -6  0
-150 -18  0
-150 -36  0
-150 -48  0
-150 -72  0
-150 -84  0
-150 -102  0
-150 -114  0
-150 -282  0
-151 -7  0
-151 -25  0
-151 -37  0
-151 -55  0
-151 -73  0
-151 -91  0
-151 -103  0
-151 -121  0
-151 -277  0
-152 -8  0
-152 -26  0
-152 -38  0
-152 -56  0
-152 -74  0
-152 -92  0
-152 -104  0
-152 -122  0
-152 -278  0
-153 -9  0
-153 -27  0
-153 -39  0
-153 -57  0
-153 -75  0
-153 -93  0
-153 -105  0
-153 -123  0
-153 -279  0
-154 -10  0
-154 -28  0
-154 -40  0
-154 -58  0
-154 -76  0
-154 -94  0
-154 -106  0
-154 -124  0
-154 -280  0
-155 -11  0
-155 -29  0
-155 -41  0
-155 -59  0
-155 -77  0
-155 -95  0
-155 -107  0
-155 -125  0
-155 -281  0
-156 -12  0
-156 -30  0
-156 -42  0
-156 -60  0
-156 -78  0
-156 -96  0
-156 -108  0
-156 -126  0
-156 -282  0
-157 -1  0
-157 -25  0
-157 -31  0
-157 -55  0
-157 -67  0
-157 -91  0
-157 -97  0
-157 -121  0
-157 -277  0
-158 -2  0
-158 -26  0
-158 -32  0
-158 -56  0
-158 -68  0
-158 -92  0
-158 -98  0
-158 -122  0
-158 -278  0
-159 -3  0
-159 -27  0
-159 -33  0
-159 -57  0
-159 -69  0
-159 -93  0
-159 -99  0
-159 -123  0
-159 -279  0
-160 -4  0
-160 -28  0
-160 -34  0
-160 -58  0
-160 -70  0
-160 -94  0
-160 -100  0
-160 -124  0
-160 -280  0
-161 -5  0
-161 -29  0
-161 -35  0
-161 -59  0
-161 -71  0
-161 -95  0
-161 -101  0
-161 -125  0
-161 -281  0
-162 -6  0
-162 -30  0
-162 -36  0
-162 -60  0
-162 -72  0
-162 -96  0
-162 -102  0
-162 -126  0
-162 -282  0
-163 -13  0
-163 -19  0
-163 -43  0
-163 -49  0
-163 -79  0
-163 -85  0
-163 -109  0
-163 -115  0
-163 -277  0
-164 -14  0
-164 -20  0
-164 -44  0
-164 -50  0
-164 -80  0
-164 -86  0
-164 -110  0
-164 -116  0
-164 -278  0
-165 -15  0
-165 -21  0
-165 -45  0
-165 -51  0
-165 -81  0
-165 -87  0
-165 -111  0
-165 -117  0
-165 -279  0
-166 -16  0
-166 -22  0
-166 -46  0
-166 -52  0
-166 -82  0
-166 -88  0
-166 -112  0
-166 -118  0
-166 -280  0
-167 -17  0
-167 -23  0
-167 -47  0
-167 -53  0
-167 -83  0
-167 -89  0
-167 -113  0
-167 -119  0
-167 -281  0
-168 -18  0
-168 -24  0
-168 -48  0
-168 -54  0
-168 -84  0
-168 -90  0
-168 -114  0
-168 -120  0
-168 -282  0
-169 -7  0
-169 -19  0
-169 -61  0
-169 -73  0
-169 -85  0
-169 -127  0
-169 -277  0
-170 -8  0
-170 -20  0
-170 -62  0
-170 -74  0
-170 -86  0
-170 -128  0
-170 -278  0
-171 -9  0
-171 -21  0
-171 -63  0
-171 -75  0
-171 -87  0
-171 -129  0
-171 -279  0
-172 -10  0
-172 -22  0
-172 -64  0
-172 -76  0
-172 -88  0
-172 -130  0
-172 -280  0
-173 -11  0
-173 -23  0
-173 -65  0
-173 -77  0
-173 -89  0
-173 -131  0
-173 -281  0
-174 -12  0
-174 -24  0
-174 -66  0
-174 -78  0
-174 -90  0
-174 -132  0
-174 -282  0
-175 -1  0
-175 -13  0
-175 -61  0
-175 -67  0
-175 -79  0
-175 -127  0
-175 -277  0
-176 -2  0
-176 -14  0
-176 -62  0
-176 -68  0
-176 -80  0
-176 -128  0
-176 -278  0
-177 -3  0
-177 -15  0
-177 -63  0
-177 -69  0
-177 -81  0
-177 -129  0
-177 -279  0
-178 -4  0
-178 -16  0
-178 -64  0
-178 -70  0
-178 -82  0
-178 -130  0
-178 -280  0
-179 -5  0
-179 -17  0
-179 -65  0
-179 -71  0
-179 -83  0
-179 -131  0
-179 -281  0
-180 -6  0
-180 -18  0
-180 -66  0
-180 -72  0
-180 -84  0
-180 -132  0
-180 -282  0
-181 -7  0
-181 -25  0
-181 -61  0
-181 -73  0
-181 -91  0
-181 -127  0
-181 -277  0
-182 -8  0
-182 -26  0
-182 -62  0
-182 -74  0
-182 -92  0
-182 -128  0
-182 -278  0
-183 -9  0
-183 -27  0
-183 -63  0
-183 -75  0
-183 -93  0
-183 -129  0
-183 -279  0
-184 -10  0
-184 -28  0
-184 -64  0
-184 -76  0
-184 -94  0
-184 -130  0
-184 -280  0
-185 -11  0
-185 -29  0
-185 -65  0
-185 -77  0
-185 -95  0
-185 -131  0
-185 -281  0
-186 -12  0
-186 -30  0
-186 -66  0
-186 -78  0
-186 -96  0
-186 -132  0
-186 -282  0
-187 -1  0
-187 -25  0
-187 -61  0
-187 -67  0
-187 -91  0
-187 -127  0
-187 -277  0
-188 -2  0
-188 -26  0
-188 -62  0
-188 -68  0
-188 -92  0
-188 -128  0
-188 -278  0
-189 -3  0
-189 -27  0
-189 -63  0
-189 -69  0
-189 -93  0
-189 -129  0
-189 -279  0
-190 -4  0
-190 -28  0
-190 -64  0
-190 -70  0
-190 -94  0
-190 -130  0
-190 -280  0
-191 -5  0
-191 -29  0
-191 -65  0
-191 -71  0
-191 -95  0
-191 -131  0
-191 -281  0
-192 -6  0
-192 -30  0
-192 -66  0
-192 -72  0
-192 -96  0
-192 -132  0
-192 -282  0
-193 -13  0
-193 -19  0
-193 -61  0
-193 -79  0
-193 -85  0
-193 -127  0
-193 -277  0
-194 -14  0
-194 -20  0
-194 -62  0
-194 -80  0
-194 -86  0
-194 -128  0
-194 -278  0
-195 -15  0
-195 -21  0
-195 -63  0
-195 -81  0
-195 -87  0
-195 -129  0
-195 -279  0
-196 -16  0
-196 -22  0
-196 -64  0
-196 -82  0
-196 -88  0
-196 -130  0
-196 -280  0
-197 -17  0
-197 -23  0
-197 -65  0
-197 -83  0
-197 -89  0
-197 -131  0
-197 -281  0
-198 -18  0
-198 -24  0
-198 -66  0
-198 -84  0
-198 -90  0
-198 -132  0
-198 -282  0
-199 -31  0
-199 -37  0
-199 -43  0
-199 -49  0
-199 -55  0
-199 -97  0
-199 -103  0
-199 -109  0
-199 -115  0
-199 -121  0
-199 -277  0
-200 -32  0
-200 -38  0
-200 -44  0
-200 -50  0
-200 -56  0
-200 -98  0
-200 -104  0
-200 -110  0
-200 -116  0
-200 -122  0
-200 -278  0
-201 -33  0
-201 -39  0
-201 -45  0
-201 -51  0
-201 -57  0
-201 -99  0
-201 -105  0
-201 -111  0
-201 -117  0
-201 -123  0
-201 -279  0
-202 -34  0
-202 -40  0
-202 -46  0
-202 -52  0
-202 -58  0
-202 -100  0
-202 -106  0
-202 -112  0
-202 -118  0
-202 -124  0
-202 -280  0
-203 -35  0
-203 -41  0
-203 -47  0
-203 -53  0
-203 -59  0
-203 -101  0
-203 -107  0
-203 -113  0
-203 -119  0
-203 -125  0
-203 -281  0
-204 -36  0
-204 -42  0
-204 -48  0
-204 -54  0
-204 -60  0
-204 -102  0
-204 -108  0
-204 -114  0
-204 -120  0
-204 -126  0
-204 -282  0
-205 -7  0
-205 -19  0
-205 -37  0
-205 -49  0
-205 -133  0
-205 -277  0
-206 -8  0
-206 -20  0
-206 -38  0
-206 -50  0
-206 -134  0
-206 -278  0
-207 -9  0
-207 -21  0
-207 -39  0
-207 -51  0
-207 -135  0
-207 -279  0
-208 -10  0
-208 -22  0
-208 -40  0
-208 -52  0
-208 -136  0
-208 -280  0
-209 -11  0
-209 -23  0
-209 -41  0
-209 -53  0
-209 -137  0
-209 -281  0
-210 -12  0
-210 -24  0
-210 -42  0
-210 -54  0
-210 -138  0
-210 -282  0
-211 -1  0
-211 -13  0
-211 -31  0
-211 -43  0
-211 -133  0
-211 -277  0
-212 -2  0
-212 -14  0
-212 -32  0
-212 -44  0
-212 -134  0
-212 -278  0
-213 -3  0
-213 -15  0
-213 -33  0
-213 -45  0
-213 -135  0
-213 -279  0
-214 -4  0
-214 -16  0
-214 -34  0
-214 -46  0
-214 -136  0
-214 -280  0
-215 -5  0
-215 -17  0
-215 -35  0
-215 -47  0
-215 -137  0
-215 -281  0
-216 -6  0
-216 -18  0
-216 -36  0
-216 -48  0
-216 -138  0
-216 -282  0
-217 -7  0
-217 -25  0
-217 -37  0
-217 -55  0
-217 -133  0
-217 -277  0
-218 -8  0
-218 -26  0
-218 -38  0
-218 -56  0
-218 -134  0
-218 -278  0
-219 -9  0
-219 -27  0
-219 -39  0
-219 -57  0
-219 -135  0
-219 -279  0
-220 -10  0
-220 -28  0
-220 -40  0
-220 -58  0
-220 -136  0
-220 -280  0
-221 -11  0
-221 -29  0
-221 -41  0
-221 -59  0
-221 -137  0
-221 -281  0
-222 -12  0
-222 -30  0
-222 -42  0
-222 -60  0
-222 -138  0
-222 -282  0
-223 -1  0
-223 -25  0
-223 -31  0
-223 -55  0
-223 -133  0
-223 -277  0
-224 -2  0
-224 -26  0
-224 -32  0
-224 -56  0
-224 -134  0
-224 -278  0
-225 -3  0
-225 -27  0
-225 -33  0
-225 -57  0
-225 -135  0
-225 -279  0
-226 -4  0
-226 -28  0
-226 -34  0
-226 -58  0
-226 -136  0
-226 -280  0
-227 -5  0
-227 -29  0
-227 -35  0
-227 -59  0
-227 -137  0
-227 -281  0
-228 -6  0
-228 -30  0
-228 -36  0
-228 -60  0
-228 -138  0
-228 -282  0
-229 -13  0
-229 -19  0
-229 -43  0
-229 -49  0
-229 -133  0
-229 -277  0
-230 -14  0
-230 -20  0
-230 -44  0
-230 -50  0
-230 -134  0
-230 -278  0
-231 -15  0
-231 -21  0
-231 -45  0
-231 -51  0
-231 -135  0
-231 -279  0
-232 -16  0
-232 -22  0
-232 -46  0
-232 -52  0
-232 -136  0
-232 -280  0
-233 -17  0
-233 -23  0
-233 -47  0
-233 -53  0
-233 -137  0
-233 -281  0
-234 -18  0
-234 -24  0
-234 -48  0
-234 -54  0
-234 -138  0
-234 -282  0
-235 -7  0
-235 -19  0
-235 -61  0
-235 -133  0
-235 -277  0
-236 -8  0
-236 -20  0
-236 -62  0
-236 -134  0
-236 -278  0
-237 -9  0
-237 -21  0
-237 -63  0
-237 -135  0
-237 -279  0
-238 -10  0
-238 -22  0
-238 -64  0
-238 -136  0
-238 -280  0
-239 -11  0
-239 -23  0
-239 -65  0
-239 -137  0
-239 -281  0
-240 -12  0
-240 -24  0
-240 -66  0
-240 -138  0
-240 -282  0
-241 -1  0
-241 -13  0
-241 -61  0
-241 -133  0
-241 -277  0
-242 -2  0
-242 -14  0
-242 -62  0
-242 -134  0
-242 -278  0
-243 -3  0
-243 -15  0
-243 -63  0
-243 -135  0
-243 -279  0
-244 -4  0
-244 -16  0
-244 -64  0
-244 -136  0
-244 -280  0
-245 -5  0
-245 -17  0
-245 -65  0
-245 -137  0
-245 -281  0
-246 -6  0
-246 -18  0
-246 -66  0
-246 -138  0
-246 -282  0
-247 -7  0
-247 -25  0
-247 -61  0
-247 -133  0
-247 -277  0
-248 -8  0
-248 -26  0
-248 -62  0
-248 -134  0
-248 -278  0
-249 -9  0
-249 -27  0
-249 -63  0
-249 -135  0
-249 -279  0
-250 -10  0
-250 -28  0
-250 -64  0
-250 -136  0
-250 -280  0
-251 -11  0
-251 -29  0
-251 -65  0
-251 -137  0
-251 -281  0
-252 -12  0
-252 -30  0
-252 -66  0
-252 -138  0
-252 -282  0
-253 -1  0
-253 -25  0
-253 -61  0
-253 -133  0
-253 -277  0
-254 -2  0
-254 -26  0
-254 -62  0
-254 -134  0
-254 -278  0
-255 -3  0
-255 -27  0
-255 -63  0
-255 -135  0
-255 -279  0
-256 -4  0
-256 -28  0
-256 -64  0
-256 -136  0
-256 -280  0
-257 -5  0
-257 -29  0
-257 -65  0
-257 -137  0
-257 -281  0
-258 -6  0
-258 -30  0
-258 -66  0
-258 -138  0
-258 -282  0
-259 -13  0
-259 -19  0
-259 -61  0
-259 -133  0
-259 -277  0
-260 -14  0
-260 -20  0
-260 -62  0
-260 -134  0
-260 -278  0
-261 -15  0
-261 -21  0
-261 -63  0
-261 -135  0
-261 -279  0
-262 -16  0
-262 -22  0
-262 -64  0
-262 -136  0
-262 -280  0
-263 -17  0
-263 -23  0
-263 -65  0
-263 -137  0
-263 -281  0
-264 -18  0
-264 -24  0
-264 -66  0
-264 -138  0
-264 -282  0
-265 -31  0
-265 -37  0
-265 -43  0
-265 -49  0
-265 -55  0
-265 -133  0
-265 -277  0
-266 -32  0
-266 -38  0
-266 -44  0
-266 -50  0
-266 -56  0
-266 -134  0
-266 -278  0
-267 -33  0
-267 -39  0
-267 -45  0
-267 -51  0
-267 -57  0
-267 -135  0
-267 -279  0
-268 -34  0
-268 -40  0
-268 -46  0
-268 -52  0
-268 -58  0
-268 -136  0
-268 -280  0
-269 -35  0
-269 -41  0
-269 -47  0
-269 -53  0
-269 -59  0
-269 -137  0
-269 -281  0
-270 -36  0
-270 -42  0
-270 -48  0
-270 -54  0
-270 -60  0
-270 -138  0
-270 -282  0
-271 -67  0
-271 -73  0
-271 -79  0
-271 -85  0
-271 -91  0
-271 -97  0
-271 -103  0
-271 -109  0
-271 -115  0
-271 -121  0
-271 -127  0
-271 -277  0
-272 -68  0
-272 -74  0
-272 -80  0
-272 -86  0
-272 -92  0
-272 -98  0
-272 -104  0
-272 -110  0
-272 -116  0
-272 -122  0
-272 -128  0
-272 -278  0
-273 -69  0
-273 -75  0
-273 -81  0
-273 -87  0
-273 -93  0
-273 -99  0
-273 -105  0
-273 -111  0
-273 -117  0
-273 -123  0
-273 -129  0
-273 -279  0
-274 -70  0
-274 -76  0
-274 -82  0
-274 -88  0
-274 -94  0
-274 -100  0
-274 -106  0
-274 -112  0
-274 -118  0
-274 -124  0
-274 -130  0
-274 -280  0
-275 -71  0
-275 -77  0
-275 -83  0
-275 -89  0
-275 -95  0
-275 -101  0
-275 -107  0
-275 -113  0
-275 -119  0
-275 -125  0
-275 -131  0
-275 -281  0
-276 -72  0
-276 -78  0
-276 -84  0
-276 -90  0
-276 -96  0
-276 -102  0
-276 -108  0
-276 -114  0
-276 -120  0
-276 -126  0
-276 -132  0
-276 -282  0
-277 -139  0
-277 -145  0
-277 -151  0
-277 -157  0
-277 -163  0
-277 -169  0
-277 -175  0
-277 -181  0
-277 -187  0
-277 -193  0
-277 -199  0
-277 -205  0
-277 -211  0
-277 -217  0
-277 -223  0
-277 -229  0
-277 -235  0
-277 -241  0
-277 -247  0
-277 -253  0
-277 -259  0
-277 -265  0
-277 -271  0
-278 -140  0
-278 -146  0
-278 -152  0
-278 -158  0
-278 -164  0
-278 -170  0
-278 -176  0
-278 -182  0
-278 -188  0
-278 -194  0
-278 -200  0
-278 -206  0
-278 -212  0
-278 -218  0
-278 -224  0
-278 -230  0
-278 -236  0
-278 -242  0
-278 -248  0
-278 -254  0
-278 -260  0
-278 -266  0
-278 -272  0
-279 -141  0
-279 -147  0
-279 -153  0
-279 -159  0
-279 -165  0
-279 -171  0
-279 -177  0
-279 -183  0
-279 -189  0
-279 -195  0
-279 -201  0
-279 -207  0
-279 -213  0
-279 -219  0
-279 -225  0
-279 -231  0
-279 -237  0
-279 -243  0
-279 -249  0
-279 -255  0
-279 -261  0
-279 -267  0
-279 -273  0
-280 -142  0
-280 -148  0
-280 -154  0
-280 -160  0
-280 -166  0
-280 -172  0
-280 -178  0
-280 -184  0
-280 -190  0
-280 -196  0
-280 -202  0
-280 -208  0
-280 -214  0
-280 -220  0
-280 -226  0
-280 -232  0
-280 -238  0
-280 -244  0
-280 -250  0
-280 -256  0
-280 -262  0
-280 -268  0
-280 -274  0
-281 -143  0
-281 -149  0
-281 -155  0
-281 -161  0
-281 -167  0
-281 -173  0
-281 -179  0
-281 -185  0
-281 -191  0
-281 -197  0
-281 -203  0
-281 -209  0
-281 -215  0
-281 -221  0
-281 -227  0
-281 -233  0
-281 -239  0
-281 -245  0
-281 -251  0
-281 -257  0
-281 -263  0
-281 -269  0
-281 -275  0
-282 -144  0
-282 -150  0
-282 -156  0
-282 -162  0
-282 -168  0
-282 -174  0
-282 -180  0
-282 -186  0
-282 -192  0
-282 -198  0
-282 -204  0
-282 -210  0
-282 -216  0
-282 -222  0
-282 -228  0
-282 -234  0
-282 -240  0
-282 -246  0
-282 -252  0
-282 -258  0
-282 -264  0
-282 -270  0
-282 -276  0
